Terms and Utilities:

-- Começando o conteudo vendo os bancos de dados que existem na nossa aplicação:

$mysqlshow (mostra os bancos de dados existentes)
+--------------------+
|     Databases      |
+--------------------+
| employees          |
| information_schema |
| mysql              |
| performance_schema |
+--------------------+

- o banco de dados que está rodado é o MariaDB.
- nesse banco temos 4 banco de dados, o que vamos trabalhar é o "employees."
- para conectar o banco, usamos a sintaxe abaixo:

$mysql employees -u root (conecta no banco e cai na interface do MariaDB)

MariaDB [employees]> show tables; (mostra as tabelas existentes)
+----------------------+
| Tables_in_employees  |
+----------------------+
| current_dept_emp     |
| departments          |
| dept_emp             |
| dept_emp_latest_date |
| dept_manager         |
| employees            |
| salaries             |
| titles               |
+----------------------+

-- vamos começar usando o comando SELECT, usando a tabela departments:
- antes de começar vamos descrever a estrutura da tabela departments, usando a sintaxe:

MariaDB [employees]> describe departments;
+-----------+-------------+------+-----+---------+-------+
| Field     | Type        | Null | Key | Default | Extra |
+-----------+-------------+------+-----+---------+-------+
| dept_no   | char(4)     | NO   | PRI | NULL    |       |
| dept_name | varchar(40) | NO   | UNI | NULL    |       |
+-----------+-------------+------+-----+---------+-------+

- sempre usar ; no fim do comando.
- abaixo está sendo mostrado o nome de dois departamentos da tabela departments.
- podemos usar o * para mostrar todos os campos da tabela departments.

MariaDB [employees]> select dept_no , dept_name from departments;
+---------+--------------------+
| dept_no | dept_name          |
+---------+--------------------+
| d009    | Customer Service   |
| d005    | Development        |
| d002    | Finance            |
| d003    | Human Resources    |
| d001    | Marketing          |
| d004    | Production         |
| d006    | Quality Management |
| d008    | Research           |
| d007    | Sales              |
+---------+--------------------+

MariaDB [employees]> select * from departments;
+---------+--------------------+
| dept_no | dept_name          |
+---------+--------------------+
| d009    | Customer Service   |
| d005    | Development        |
| d002    | Finance            |
| d003    | Human Resources    |
| d001    | Marketing          |
| d004    | Production         |
| d006    | Quality Management |
| d008    | Research           |
| d007    | Sales              |
+---------+--------------------+

- se eu quiser delimitar os campos, eu posso usar o "limit" e passar o número, por exemplo 5, veja abaixo.

MariaDB [employees]> select * from departments limit 5;
+---------+------------------+
| dept_no | dept_name        |
+---------+------------------+
| d009    | Customer Service |
| d005    | Development      |
| d002    | Finance          |
| d003    | Human Resources  |
| d001    | Marketing        |
+---------+------------------+

- consultando a tabela employees, com limit 10 setado:

MariaDB [employees]> select * from employees limit 10;
+--------+------------+------------+-----------+--------+------------+
| emp_no | birth_date | first_name | last_name | gender | hire_date  |
+--------+------------+------------+-----------+--------+------------+
|  10001 | 1953-09-02 | Georgi     | Facello   | M      | 1986-06-26 |
|  10002 | 1964-06-02 | Bezalel    | Simmel    | F      | 1985-11-21 |
|  10003 | 1959-12-03 | Parto      | Bamford   | M      | 1986-08-28 |
|  10004 | 1954-05-01 | Chirstian  | Koblick   | M      | 1986-12-01 |
|  10005 | 1955-01-21 | Kyoichi    | Maliniak  | M      | 1989-09-12 |
|  10006 | 1953-04-20 | Anneke     | Preusig   | F      | 1989-06-02 |
|  10007 | 1957-05-23 | Tzvetan    | Zielinski | F      | 1989-02-10 |
|  10008 | 1958-02-19 | Saniya     | Kalloufi  | M      | 1994-09-15 |
|  10009 | 1952-04-19 | Sumant     | Peac      | F      | 1985-02-18 |
|  10010 | 1963-06-01 | Duangkaew  | Piveteau  | F      | 1989-08-24 |
+--------+------------+------------+-----------+--------+------------+

- mostrando a estrutura da tabela employees:

MariaDB [employees]> describe employees;
+------------+---------------+------+-----+---------+-------+
| Field      | Type          | Null | Key | Default | Extra |
+------------+---------------+------+-----+---------+-------+
| emp_no     | int(11)       | NO   | PRI | NULL    |       |
| birth_date | date          | NO   |     | NULL    |       |
| first_name | varchar(14)   | NO   |     | NULL    |       |
| last_name  | varchar(16)   | NO   |     | NULL    |       |
| gender     | enum('M','F') | NO   |     | NULL    |       |
| hire_date  | date          | NO   |     | NULL    |       |
+------------+---------------+------+-----+---------+-------+

- contando quantos registros/linhas eu tenho na tabela employees:

MariaDB [employees]> select count(*) from employees;
+----------+
| count(*) |
+----------+
|   300024 |
+----------+

- podemos fazer filtros no SELECT, veja abaixo o exemplo:

MariaDB [employees]> select emp_no, first_name, last_name from employees limit 10;
+--------+------------+-----------+
| emp_no | first_name | last_name |
+--------+------------+-----------+
|  10001 | Georgi     | Facello   |
|  10002 | Bezalel    | Simmel    |
|  10003 | Parto      | Bamford   |
|  10004 | Chirstian  | Koblick   |
|  10005 | Kyoichi    | Maliniak  |
|  10006 | Anneke     | Preusig   |
|  10007 | Tzvetan    | Zielinski |
|  10008 | Saniya     | Kalloufi  |
|  10009 | Sumant     | Peac      |
|  10010 | Duangkaew  | Piveteau  |
+--------+------------+-----------+

- aplicando filtros com  o comando select na tabela employees:

MariaDB [employees]> select * from employees where hire_date > "2000-01-01" limit 10;
+--------+------------+------------+------------+--------+------------+
| emp_no | birth_date | first_name | last_name  | gender | hire_date  |
+--------+------------+------------+------------+--------+------------+
|  47291 | 1960-09-09 | Ulf        | Flexer     | M      | 2000-01-12 |
|  60134 | 1964-04-21 | Seshu      | Rathonyi   | F      | 2000-01-02 |
|  72329 | 1953-02-09 | Randi      | Luit       | F      | 2000-01-02 |
| 205048 | 1960-09-12 | Ennio      | Alblas     | F      | 2000-01-06 |
| 222965 | 1959-08-07 | Volkmar    | Perko      | F      | 2000-01-13 |
| 226633 | 1958-06-10 | Xuejun     | Benzmuller | F      | 2000-01-04 |
| 227544 | 1954-11-17 | Shahab     | Demeyer    | M      | 2000-01-08 |
| 422990 | 1953-04-09 | Jaana      | Verspoor   | F      | 2000-01-11 |
| 424445 | 1953-04-27 | Jeong      | Boreale    | M      | 2000-01-03 |
| 428377 | 1957-05-09 | Yucai      | Gerlach    | M      | 2000-01-23 |
+--------+------------+------------+------------+--------+------------+

- selecionando todos os funcionários mulheres que foram contratados a partir do ano 2000:

MariaDB [employees]> select * from employees where hire_date > "2000-01-01" AND gender = "F";
+--------+------------+------------+------------+--------+------------+
| emp_no | birth_date | first_name | last_name  | gender | hire_date  |
+--------+------------+------------+------------+--------+------------+
|  60134 | 1964-04-21 | Seshu      | Rathonyi   | F      | 2000-01-02 |
|  72329 | 1953-02-09 | Randi      | Luit       | F      | 2000-01-02 |
| 205048 | 1960-09-12 | Ennio      | Alblas     | F      | 2000-01-06 |
| 222965 | 1959-08-07 | Volkmar    | Perko      | F      | 2000-01-13 |
| 226633 | 1958-06-10 | Xuejun     | Benzmuller | F      | 2000-01-04 |
| 422990 | 1953-04-09 | Jaana      | Verspoor   | F      | 2000-01-11 |
| 499553 | 1954-05-06 | Hideyuki   | Delgrande  | F      | 2000-01-22 |
+--------+------------+------------+------------+--------+------------+

- mostrando todas as funcionárias que foram contratadas depois de 1999, femininos, onde o primeiro nome começa com S:

MariaDB [employees]> select * from employees where hire_date > "1999-01-01" AND gender = "F" and first_name like "s%";
+--------+------------+---------------+---------------+--------+------------+
| emp_no | birth_date | first_name    | last_name     | gender | hire_date  |
+--------+------------+---------------+---------------+--------+------------+
|  11325 | 1952-02-06 | Samphel       | Rossi         | F      | 1999-01-10 |
|  15368 | 1963-07-18 | Seongbin      | Lortz         | F      | 1999-04-01 |
|  17789 | 1956-03-16 | Snehasis      | Gilg          | F      | 1999-11-14 |
|  19063 | 1958-11-03 | Shaz          | Suermann      | F      | 1999-08-16 |
|  20322 | 1952-05-21 | Shmuel        | Porotnikoff   | F      | 1999-09-05 |
|  22979 | 1964-03-24 | Subbu         | Krohn         | F      | 1999-08-08 |
|  24530 | 1953-05-28 | Shen          | Bhattacharjee | F      | 1999-01-07 |
|  28038 | 1956-11-27 | Subhankar     | Katzenelson   | F      | 1999-09-18 |
|  33979 | 1961-08-05 | Saeko         | Worfolk       | F      | 1999-04-04 |
|  34020 | 1952-10-11 | Susanna       | Encarnacion   | F      | 1999-02-12 |
|  43320 | 1960-03-02 | Shan          | Jording       | F      | 1999-02-24 |
|  44588 | 1959-02-27 | Serap         | Castellani    | F      | 1999-05-13 |
|  48478 | 1961-07-10 | Stein         | Mamelak       | F      | 1999-08-05 |
|  58287 | 1961-10-13 | Shahab        | Reinhard      | F      | 1999-10-08 |
|  60134 | 1964-04-21 | Seshu         | Rathonyi      | F      | 2000-01-02 |
|  60426 | 1955-05-02 | Sven          | Quaggetto     | F      | 1999-02-18 |
|  65575 | 1957-10-08 | Shahar        | Azumi         | F      | 1999-03-25 |
|  69861 | 1961-12-22 | Sangeeta      | Katiyar       | F      | 1999-02-25 |
|  75267 | 1959-09-13 | Sergi         | Coombs        | F      | 1999-05-12 |
|  81403 | 1958-08-26 | Serif         | Luef          | F      | 1999-09-23 |
|  82507 | 1962-09-08 | Saeko         | Bolotov       | F      | 1999-06-07 |
|  84186 | 1964-10-16 | Sumant        | Lorho         | F      | 1999-04-03 |
|  90861 | 1963-11-27 | Shirish       | Hasenauer     | F      | 1999-08-06 |
|  99909 | 1954-01-23 | Stafford      | Coorg         | F      | 1999-03-08 |
| 102329 | 1957-06-01 | Salvador      | Ranon         | F      | 1999-09-17 |
| 105885 | 1954-02-20 | Stamatina     | Basawa        | F      | 1999-10-04 |
| 107571 | 1958-08-13 | Shalesh       | Jarecki       | F      | 1999-05-24 |
| 201689 | 1963-08-15 | Shay          | Merey         | F      | 1999-08-23 |
| 201805 | 1957-09-05 | Somnath       | Montemayor    | F      | 1999-01-15 |
| 202501 | 1962-07-22 | Sajjad        | Chinin        | F      | 1999-08-02 |
| 205927 | 1955-08-29 | Sudhanshu     | Zykh          | F      | 1999-10-15 |
| 206877 | 1959-02-24 | Stamatina     | Yetto         | F      | 1999-08-30 |
| 217984 | 1958-04-23 | Subhankar     | Cappello      | F      | 1999-02-23 |
| 221197 | 1952-04-19 | Shan          | Demir         | F      | 1999-01-13 |
| 224592 | 1961-02-02 | Shay          | Slutz         | F      | 1999-07-05 |
| 239253 | 1954-09-13 | Shigeaki      | Majewski      | F      | 1999-01-26 |
| 245332 | 1961-06-24 | Subhrajyoti   | Vural         | F      | 1999-10-17 |
| 247870 | 1958-02-09 | Suvo          | Axelband      | F      | 1999-01-23 |
| 256729 | 1954-08-25 | Shen          | Meszaros      | F      | 1999-08-04 |
| 261066 | 1958-05-31 | Sugwoo        | Hashii        | F      | 1999-01-26 |
| 262820 | 1959-04-08 | Satyanarayana | Sooriamurthi  | F      | 1999-03-30 |
| 269134 | 1953-10-04 | Serge         | Barriga       | F      | 1999-02-18 |
| 275433 | 1957-12-03 | Susanne       | Hutton        | F      | 1999-09-18 |
| 276232 | 1958-08-16 | Samphel       | Wossner       | F      | 1999-03-14 |
| 276528 | 1954-05-23 | Shushma       | Setia         | F      | 1999-03-27 |
| 281627 | 1955-10-16 | Sahrah        | Pettey        | F      | 1999-07-06 |
| 292260 | 1953-03-12 | Somnath       | Huxford       | F      | 1999-04-17 |
| 296778 | 1956-06-14 | Shigenori     | Hammerschmidt | F      | 1999-10-23 |
| 407616 | 1956-09-21 | Shaowei       | Stanger       | F      | 1999-04-24 |
| 413092 | 1958-10-19 | Sumali        | Bahi          | F      | 1999-06-14 |
| 418340 | 1952-04-18 | Shen          | Gecseg        | F      | 1999-07-24 |
| 431720 | 1958-08-22 | Serenella     | Kornyak       | F      | 1999-08-15 |
| 445133 | 1957-05-28 | Supot         | Vecchio       | F      | 1999-04-18 |
| 448042 | 1963-11-21 | Shigenori     | Lores         | F      | 1999-02-10 |
| 455384 | 1963-04-30 | Sahrah        | Lieberherr    | F      | 1999-02-08 |
| 458717 | 1962-07-16 | Subir         | Ossenbruggen  | F      | 1999-04-01 |
| 460994 | 1959-09-02 | Syozo         | Kabayashi     | F      | 1999-09-19 |
| 461376 | 1963-10-01 | Shaowen       | Eppinger      | F      | 1999-03-26 |
| 476338 | 1952-02-28 | Sukumar       | Rissland      | F      | 1999-08-02 |
| 488287 | 1958-02-15 | Slavian       | Gulla         | F      | 1999-01-16 |
| 489684 | 1954-06-05 | Shichao       | Herath        | F      | 1999-02-11 |
| 493745 | 1962-12-18 | Shaibal       | Nations       | F      | 1999-05-17 |
| 495878 | 1958-10-26 | Saeed         | Kaiserswerth  | F      | 1999-06-26 |
| 499361 | 1963-01-23 | Sandeepan     | Solares       | F      | 1999-11-30 |
+--------+------------+---------------+---------------+--------+------------+

- 

MariaDB [employees]> select * from employees where hire_date > "1999-01-01" AND hire_date < "1999-06-01" AND gender = "F" and first_name like "s%";
+--------+------------+---------------+---------------+--------+------------+
| emp_no | birth_date | first_name    | last_name     | gender | hire_date  |
+--------+------------+---------------+---------------+--------+------------+
|  11325 | 1952-02-06 | Samphel       | Rossi         | F      | 1999-01-10 |
|  15368 | 1963-07-18 | Seongbin      | Lortz         | F      | 1999-04-01 |
|  24530 | 1953-05-28 | Shen          | Bhattacharjee | F      | 1999-01-07 |
|  33979 | 1961-08-05 | Saeko         | Worfolk       | F      | 1999-04-04 |
|  34020 | 1952-10-11 | Susanna       | Encarnacion   | F      | 1999-02-12 |
|  43320 | 1960-03-02 | Shan          | Jording       | F      | 1999-02-24 |
|  44588 | 1959-02-27 | Serap         | Castellani    | F      | 1999-05-13 |
|  60426 | 1955-05-02 | Sven          | Quaggetto     | F      | 1999-02-18 |
|  65575 | 1957-10-08 | Shahar        | Azumi         | F      | 1999-03-25 |
|  69861 | 1961-12-22 | Sangeeta      | Katiyar       | F      | 1999-02-25 |
|  75267 | 1959-09-13 | Sergi         | Coombs        | F      | 1999-05-12 |
|  84186 | 1964-10-16 | Sumant        | Lorho         | F      | 1999-04-03 |
|  99909 | 1954-01-23 | Stafford      | Coorg         | F      | 1999-03-08 |
| 107571 | 1958-08-13 | Shalesh       | Jarecki       | F      | 1999-05-24 |
| 201805 | 1957-09-05 | Somnath       | Montemayor    | F      | 1999-01-15 |
| 217984 | 1958-04-23 | Subhankar     | Cappello      | F      | 1999-02-23 |
| 221197 | 1952-04-19 | Shan          | Demir         | F      | 1999-01-13 |
| 239253 | 1954-09-13 | Shigeaki      | Majewski      | F      | 1999-01-26 |
| 247870 | 1958-02-09 | Suvo          | Axelband      | F      | 1999-01-23 |
| 261066 | 1958-05-31 | Sugwoo        | Hashii        | F      | 1999-01-26 |
| 262820 | 1959-04-08 | Satyanarayana | Sooriamurthi  | F      | 1999-03-30 |
| 269134 | 1953-10-04 | Serge         | Barriga       | F      | 1999-02-18 |
| 276232 | 1958-08-16 | Samphel       | Wossner       | F      | 1999-03-14 |
| 276528 | 1954-05-23 | Shushma       | Setia         | F      | 1999-03-27 |
| 292260 | 1953-03-12 | Somnath       | Huxford       | F      | 1999-04-17 |
| 407616 | 1956-09-21 | Shaowei       | Stanger       | F      | 1999-04-24 |
| 445133 | 1957-05-28 | Supot         | Vecchio       | F      | 1999-04-18 |
| 448042 | 1963-11-21 | Shigenori     | Lores         | F      | 1999-02-10 |
| 455384 | 1963-04-30 | Sahrah        | Lieberherr    | F      | 1999-02-08 |
| 458717 | 1962-07-16 | Subir         | Ossenbruggen  | F      | 1999-04-01 |
| 461376 | 1963-10-01 | Shaowen       | Eppinger      | F      | 1999-03-26 |
| 488287 | 1958-02-15 | Slavian       | Gulla         | F      | 1999-01-16 |
| 489684 | 1954-06-05 | Shichao       | Herath        | F      | 1999-02-11 |
| 493745 | 1962-12-18 | Shaibal       | Nations       | F      | 1999-05-17 |
+--------+------------+---------------+---------------+--------+------------+

- mostrando nomes que começam com S e P da coluna firt_name, que sejam mulheres contratadas depois de 1999:

MariaDB [employees]> select * from employees where hire_date > "1999-01-01" AND hire_date < "1999-06-01" AND gender = "F" and (first_name like "s%" or first_name like "P%");
+--------+------------+---------------+---------------+--------+------------+
| emp_no | birth_date | first_name    | last_name     | gender | hire_date  |
+--------+------------+---------------+---------------+--------+------------+
|  11325 | 1952-02-06 | Samphel       | Rossi         | F      | 1999-01-10 |
|  13359 | 1954-11-16 | Pragnesh      | Kragelund     | F      | 1999-05-29 |
|  15368 | 1963-07-18 | Seongbin      | Lortz         | F      | 1999-04-01 |
|  16244 | 1961-09-16 | Parviz        | Strandh       | F      | 1999-02-22 |
|  24530 | 1953-05-28 | Shen          | Bhattacharjee | F      | 1999-01-07 |
|  33979 | 1961-08-05 | Saeko         | Worfolk       | F      | 1999-04-04 |
|  34020 | 1952-10-11 | Susanna       | Encarnacion   | F      | 1999-02-12 |
|  35600 | 1962-07-29 | Parviz        | Benzaken      | F      | 1999-03-30 |
|  43320 | 1960-03-02 | Shan          | Jording       | F      | 1999-02-24 |
|  44588 | 1959-02-27 | Serap         | Castellani    | F      | 1999-05-13 |
|  60426 | 1955-05-02 | Sven          | Quaggetto     | F      | 1999-02-18 |
|  65575 | 1957-10-08 | Shahar        | Azumi         | F      | 1999-03-25 |
|  66006 | 1959-02-14 | Paddy         | Curless       | F      | 1999-01-07 |
|  69861 | 1961-12-22 | Sangeeta      | Katiyar       | F      | 1999-02-25 |
|  75267 | 1959-09-13 | Sergi         | Coombs        | F      | 1999-05-12 |
|  84186 | 1964-10-16 | Sumant        | Lorho         | F      | 1999-04-03 |
|  92814 | 1964-07-28 | Parviz        | Godskesen     | F      | 1999-02-16 |
|  99909 | 1954-01-23 | Stafford      | Coorg         | F      | 1999-03-08 |
| 107571 | 1958-08-13 | Shalesh       | Jarecki       | F      | 1999-05-24 |
| 201805 | 1957-09-05 | Somnath       | Montemayor    | F      | 1999-01-15 |
| 216888 | 1963-10-11 | Paraskevi     | Brodie        | F      | 1999-02-14 |
| 217984 | 1958-04-23 | Subhankar     | Cappello      | F      | 1999-02-23 |
| 219562 | 1956-11-09 | Pramod        | Antonisse     | F      | 1999-01-17 |
| 221197 | 1952-04-19 | Shan          | Demir         | F      | 1999-01-13 |
| 228710 | 1963-10-10 | Premal        | Krogh         | F      | 1999-01-09 |
| 239253 | 1954-09-13 | Shigeaki      | Majewski      | F      | 1999-01-26 |
| 240372 | 1958-04-24 | Petter        | Ramsey        | F      | 1999-02-18 |
| 247870 | 1958-02-09 | Suvo          | Axelband      | F      | 1999-01-23 |
| 257894 | 1958-03-03 | Paloma        | Stroustrup    | F      | 1999-01-31 |
| 261066 | 1958-05-31 | Sugwoo        | Hashii        | F      | 1999-01-26 |
| 262820 | 1959-04-08 | Satyanarayana | Sooriamurthi  | F      | 1999-03-30 |
| 269134 | 1953-10-04 | Serge         | Barriga       | F      | 1999-02-18 |
| 276232 | 1958-08-16 | Samphel       | Wossner       | F      | 1999-03-14 |
| 276528 | 1954-05-23 | Shushma       | Setia         | F      | 1999-03-27 |
| 292260 | 1953-03-12 | Somnath       | Huxford       | F      | 1999-04-17 |
| 294513 | 1961-06-30 | Pranav        | DasSarma      | F      | 1999-03-20 |
| 407616 | 1956-09-21 | Shaowei       | Stanger       | F      | 1999-04-24 |
| 443302 | 1964-06-17 | Patricio      | Hofting       | F      | 1999-04-30 |
| 445133 | 1957-05-28 | Supot         | Vecchio       | F      | 1999-04-18 |
| 448042 | 1963-11-21 | Shigenori     | Lores         | F      | 1999-02-10 |
| 448917 | 1963-03-13 | Phuoc         | Ventosa       | F      | 1999-05-23 |
| 455384 | 1963-04-30 | Sahrah        | Lieberherr    | F      | 1999-02-08 |
| 455408 | 1952-03-27 | Pradeep       | Schwaller     | F      | 1999-02-05 |
| 458717 | 1962-07-16 | Subir         | Ossenbruggen  | F      | 1999-04-01 |
| 461376 | 1963-10-01 | Shaowen       | Eppinger      | F      | 1999-03-26 |
| 468745 | 1952-05-17 | Paraskevi     | Bael          | F      | 1999-05-18 |
| 469544 | 1964-02-18 | Pranay        | Kusakabe      | F      | 1999-02-13 |
| 470618 | 1962-11-25 | Pantung       | Demos         | F      | 1999-03-17 |
| 488287 | 1958-02-15 | Slavian       | Gulla         | F      | 1999-01-16 |
| 489684 | 1954-06-05 | Shichao       | Herath        | F      | 1999-02-11 |
| 493745 | 1962-12-18 | Shaibal       | Nations       | F      | 1999-05-17 |
+--------+------------+---------------+---------------+--------+------------+

- ordenando pelo first_name:

MariaDB [employees]> select * from employees where hire_date > "1999-01-01" AND hire_date < "1999-06-01" AND gender = "F" and first_name like "s%" order by first_name;
+--------+------------+---------------+---------------+--------+------------+
| emp_no | birth_date | first_name    | last_name     | gender | hire_date  |
+--------+------------+---------------+---------------+--------+------------+
|  33979 | 1961-08-05 | Saeko         | Worfolk       | F      | 1999-04-04 |
| 455384 | 1963-04-30 | Sahrah        | Lieberherr    | F      | 1999-02-08 |
|  11325 | 1952-02-06 | Samphel       | Rossi         | F      | 1999-01-10 |
| 276232 | 1958-08-16 | Samphel       | Wossner       | F      | 1999-03-14 |
|  69861 | 1961-12-22 | Sangeeta      | Katiyar       | F      | 1999-02-25 |
| 262820 | 1959-04-08 | Satyanarayana | Sooriamurthi  | F      | 1999-03-30 |
|  15368 | 1963-07-18 | Seongbin      | Lortz         | F      | 1999-04-01 |
|  44588 | 1959-02-27 | Serap         | Castellani    | F      | 1999-05-13 |
| 269134 | 1953-10-04 | Serge         | Barriga       | F      | 1999-02-18 |
|  75267 | 1959-09-13 | Sergi         | Coombs        | F      | 1999-05-12 |
|  65575 | 1957-10-08 | Shahar        | Azumi         | F      | 1999-03-25 |
| 493745 | 1962-12-18 | Shaibal       | Nations       | F      | 1999-05-17 |
| 107571 | 1958-08-13 | Shalesh       | Jarecki       | F      | 1999-05-24 |
|  43320 | 1960-03-02 | Shan          | Jording       | F      | 1999-02-24 |
| 221197 | 1952-04-19 | Shan          | Demir         | F      | 1999-01-13 |
| 407616 | 1956-09-21 | Shaowei       | Stanger       | F      | 1999-04-24 |
| 461376 | 1963-10-01 | Shaowen       | Eppinger      | F      | 1999-03-26 |
|  24530 | 1953-05-28 | Shen          | Bhattacharjee | F      | 1999-01-07 |
| 489684 | 1954-06-05 | Shichao       | Herath        | F      | 1999-02-11 |
| 239253 | 1954-09-13 | Shigeaki      | Majewski      | F      | 1999-01-26 |
| 448042 | 1963-11-21 | Shigenori     | Lores         | F      | 1999-02-10 |
| 276528 | 1954-05-23 | Shushma       | Setia         | F      | 1999-03-27 |
| 488287 | 1958-02-15 | Slavian       | Gulla         | F      | 1999-01-16 |
| 201805 | 1957-09-05 | Somnath       | Montemayor    | F      | 1999-01-15 |
| 292260 | 1953-03-12 | Somnath       | Huxford       | F      | 1999-04-17 |
|  99909 | 1954-01-23 | Stafford      | Coorg         | F      | 1999-03-08 |
| 217984 | 1958-04-23 | Subhankar     | Cappello      | F      | 1999-02-23 |
| 458717 | 1962-07-16 | Subir         | Ossenbruggen  | F      | 1999-04-01 |
| 261066 | 1958-05-31 | Sugwoo        | Hashii        | F      | 1999-01-26 |
|  84186 | 1964-10-16 | Sumant        | Lorho         | F      | 1999-04-03 |
| 445133 | 1957-05-28 | Supot         | Vecchio       | F      | 1999-04-18 |
|  34020 | 1952-10-11 | Susanna       | Encarnacion   | F      | 1999-02-12 |
| 247870 | 1958-02-09 | Suvo          | Axelband      | F      | 1999-01-23 |
|  60426 | 1955-05-02 | Sven          | Quaggetto     | F      | 1999-02-18 |
+--------+------------+---------------+---------------+--------+------------+

- parei nos 13 minutos do video.




























































insert
update
select
delete
from
where
group by
order by
join
